20001.6
7 37 35 44 23 42 22 26 24 45 33 15 25 12 51 4 14 19 21 2 27 47 8 9 40 50 10 11 31 30 17 29 49 36 0 41 6 16 5 34 20 1 28 46 13 43 48 38 39 3 32 18 
Tue May 18 21:14:15 2010
18338.4
6 1 41 36 19 29 49 2 3 27 28 39 4 10 24 5 38 15 11 42 9 35 26 12 51 34 40 8 18 44 0 48 21 30 17 7 32 14 47 25 50 13 46 43 33 31 37 23 45 22 20 16 
Tue May 18 21:15:49 2010
16913.6
45 32 3 9 40 0 29 22 20 41 1 6 30 37 21 34 25 5 8 7 18 23 38 36 31 17 2 16 50 27 11 49 15 44 48 35 33 42 10 24 47 39 4 14 43 19 28 26 12 13 51 46 
Tue May 18 21:18:00 2010
18840
47 45 24 15 35 17 16 40 9 10 51 11 48 1 41 20 7 42 22 6 25 50 26 23 28 19 29 13 12 5 3 14 8 32 27 46 49 18 44 2 31 33 43 30 21 0 34 38 39 36 37 4 
Tue May 18 21:24:00 2010
17218
28 43 36 10 27 47 15 49 32 9 0 2 16 22 46 25 26 51 13 5 29 1 20 48 45 14 39 38 37 34 17 6 41 30 3 50 12 11 24 23 4 42 8 7 21 33 35 44 18 40 31 19 
Tue May 18 21:30:53 2010
20165.4
45 33 34 35 26 43 21 30 15 27 3 32 9 8 28 49 0 12 13 24 25 31 23 18 40 36 19 22 29 6 48 39 37 7 51 46 5 4 14 47 38 42 50 11 10 44 17 20 41 1 2 16 
Tue May 18 21:34:32 2010
15912
6 1 49 28 4 0 19 15 24 11 46 43 33 27 37 40 44 48 35 31 7 18 9 8 13 51 12 50 23 14 3 38 34 47 5 36 39 2 17 21 22 29 45 25 26 10 32 42 16 30 20 41 
Tue May 18 21:42:03 2010
13792
18 40 8 9 33 49 48 38 34 43 31 14 37 42 4 47 36 15 19 22 28 13 12 24 39 2 16 17 35 45 32 50 10 51 25 26 11 27 46 5 3 23 44 0 21 29 1 6 41 20 30 7 
Tue May 18 21:57:06 2010
17649.8
14 9 42 17 30 6 1 40 7 0 38 51 26 34 11 10 13 24 4 37 28 49 15 21 19 29 22 41 20 2 16 8 32 18 31 48 43 27 45 23 47 39 44 35 33 36 5 3 25 46 12 50 
Tue May 18 22:08:18 2010
